cluster_id,gene,DMSO_p_val,DMSO_avg_logFC,DMSO_pct.1,DMSO_pct.2,DMSO_p_val_adj,EZH2i_p_val,EZH2i_avg_logFC,EZH2i_pct.1,EZH2i_pct.2,EZH2i_p_val_adj,Combo_p_val,Combo_avg_logFC,Combo_pct.1,Combo_pct.2,Combo_p_val_adj,RACi_p_val,RACi_avg_logFC,RACi_pct.1,RACi_pct.2,RACi_p_val_adj,max_pval,minimump_p_val,description,avg_fc
1,NMU,4.86158583028965e-173,0.674377361376382,0.997,0.989,1.14786903038969e-168,5.75646225626228e-182,0.661631309383894,1,0.99,1.35915830332609e-177,1.40203918858937e-28,0.386612909024673,0.886,0.847,3.31035472817837e-24,6.17403834189963e-42,0.432905220052621,0.889,0.814,1.45775219290592e-37,1.40203918858937e-28,2.30258490250495e-181,neuromedin U [Source:HGNC Symbol;Acc:HGNC:7859],0.538881699959393
1,TM4SF1,2.79916554450536e-63,0.391258956947947,0.979,0.968,6.60910976713162e-59,7.9913719491651e-66,0.427588099419994,0.985,0.963,1.88684283091737e-61,1.08737460633193e-164,0.959973437622444,0.949,0.799,2.56740018301031e-160,7.71422829167105e-123,0.764491274915612,0.909,0.777,1.82140644194645e-118,2.79916554450536e-63,4.34949842532767e-164,transmembrane 4 L six family member 1 [Source:HGNC Symbol;Acc:HGNC:11853],0.635827942226499
1,LGALS3BP,8.78503726122373e-119,0.383920350728939,0.998,0.981,2.07423514774753e-114,8.15586835879036e-108,0.345810019029413,0.999,0.984,1.92568207819399e-103,1.74424411991156e-96,0.513828055700992,0.785,0.491,4.11833479152318e-92,7.69689651736608e-153,0.602842277164321,0.723,0.34,1.81731423671531e-148,1.74424411991156e-96,3.07875860694652e-152,galectin 3 binding protein [Source:HGNC Symbol;Acc:HGNC:6564],0.461600175655916
1,CD47,1.1642555721298e-101,0.343078158874522,1,1,2.74892383135566e-97,7.19729758252562e-89,0.306486231513668,1,1,1.69935393221012e-84,1.02803095295094e-93,0.472965808000981,0.999,0.995,2.42728388301247e-89,4.885551552835e-151,0.565168516380231,0.999,0.997,1.15352757713987e-146,7.19729758252562e-89,1.954220621134e-150,CD47 molecule [Source:HGNC Symbol;Acc:HGNC:1682],0.421924678692351
1,LRPAP1,5.83447418559261e-83,0.352010183476208,0.943,0.896,1.37757769996027e-78,2.83412215207593e-98,0.368735908300943,0.963,0.888,6.69164581326647e-94,1.44675510099782e-133,0.477910272256706,0.981,0.892,3.41593346896595e-129,2.9471352750008e-122,0.445522949422337,0.936,0.778,6.95848109780438e-118,5.83447418559261e-83,5.78702040399124e-133,LDL receptor related protein associated protein 1 [Source:HGNC Symbol;Acc:HGNC:6701],0.411044828364049
1,CLU,2.27283572061539e-128,0.720053969494089,0.998,0.992,5.36639241994501e-124,7.50232915163507e-124,0.691376688015723,1,0.993,1.77137493599256e-119,1.82366597551935e-61,0.381598895763699,0.995,0.986,4.30585773479873e-57,3.55367585234417e-87,0.540789143884593,0.992,0.974,8.39058405496982e-83,1.82366597551935e-61,9.09134288246136e-128,clusterin [Source:HGNC Symbol;Acc:HGNC:2095],0.583454674289526
1,SLPI,2.51065351259788e-99,0.787311400737088,1,0.996,5.92790400859485e-95,1.42388894378541e-76,0.715510931063841,0.998,0.998,3.36194418517174e-72,7.71201165188959e-92,0.570208765232985,0.997,0.994,1.82088307112765e-87,9.48129100476338e-105,0.657542619150493,0.997,0.994,2.23862761913468e-100,1.42388894378541e-76,3.79251640190532e-104,secretory leukocyte peptidase inhibitor [Source:HGNC Symbol;Acc:HGNC:11092],0.682643429046102
1,ARHGAP29,3.52174988928895e-67,0.291920991780259,1,1,8.31520366360013e-63,1.11213746008136e-60,0.273072090952115,1,1,2.6258677569981e-56,9.01706762743796e-28,0.493689581143471,0.917,0.921,2.12901983751438e-23,3.99007249882631e-41,0.559737433378569,0.931,0.926,9.42096017697881e-37,9.01706762743796e-28,1.40869995571557e-66,Rho GTPase activating protein 29 [Source:HGNC Symbol;Acc:HGNC:30207],0.404605024313603
1,ANXA1,1.19164303682434e-40,0.312714662400156,0.965,0.94,2.81358837424594e-36,2.49989247078476e-39,0.303329051657385,0.948,0.896,5.9024961127699e-35,4.91209735787782e-67,0.456726200744417,0.882,0.762,1.15979530716853e-62,9.96489209649297e-56,0.358212966155438,0.887,0.81,2.35281067290296e-51,2.49989247078476e-39,1.96483894315112e-66,annexin A1 [Source:HGNC Symbol;Acc:HGNC:533],0.357745720239349
1,SLC34A2,8.65872282444668e-39,0.284275754477342,0.966,0.948,2.04441104608011e-34,1.04017406626858e-38,0.272401624675529,0.948,0.953,2.45595498786674e-34,1.54014344259015e-56,0.380606382145908,0.411,0.182,3.6364326822996e-52,1.87653373849709e-62,0.437018286708985,0.434,0.216,4.43068380996549e-58,1.04017406626858e-38,7.50613495398832e-62,solute carrier family 34 member 2 [Source:HGNC Symbol;Acc:HGNC:11020],0.343575512001941
2,SF3B6,4.64751146354024e-106,0.277008361620537,1,1,1.09732393165649e-101,1.51088098479992e-95,0.282387321650148,1,1,3.56734109321109e-91,4.33232548746626e-64,0.27268758332678,1,1,1.02290537084566e-59,1.04040673098431e-88,0.290319098166345,1,1,2.45650433252706e-84,4.33232548746626e-64,1.85900458541608e-105,splicing factor 3b subunit 6 [Source:HGNC Symbol;Acc:HGNC:30096],0.280600591190952
2,CRABP2,4.24588593714388e-42,0.307837890682713,0.996,0.877,1.00249612861904e-37,4.26942985025688e-43,0.318608774542466,0.997,0.918,1.00805508194415e-38,2.65274996547234e-35,0.39633987201927,0.982,0.935,6.26340794347674e-31,2.82160040094475e-75,0.520583995109817,0.994,0.942,6.66208070667064e-71,2.65274996547234e-35,1.12864016037791e-74,cellular retinoic acid binding protein 2 [Source:HGNC Symbol;Acc:HGNC:2339],0.385842633088567
3,MT-ND2,3.77614660150144e-168,0.729581755792766,1,1,8.91585974080505e-164,3.38007288807915e-155,0.696497306864207,1,0.999,7.98069009604368e-151,0,1.58571351993045,1,0.997,0,0,1.47523209698597,1,0.992,0,3.38007288807915e-155,0,mitochondrially encoded NADH:ubiquinone oxidoreductase core subunit 2 [Source:HGNC Symbol;Acc:HGNC:7456],1.12175616989335
3,MT-ND3,2.36860641737661e-176,0.679841966370399,1,0.999,5.59251661206792e-172,2.46444164434947e-155,0.611378703013733,1,0.999,5.81879316647353e-151,5.84307579868026e-276,1.32153945028366,1,0.998,1.3796086268264e-271,1.03689545709848e-293,1.23586306779869,1,0.998,2.44821386375521e-289,2.46444164434947e-155,4.14758182839398e-293,mitochondrially encoded NADH:ubiquinone oxidoreductase core subunit 3 [Source:HGNC Symbol;Acc:HGNC:7458],0.962155796866621
3,MT-ND1,3.69373805802286e-185,0.731375495354163,1,1,8.72128492879778e-181,2.65227805444721e-170,0.689536125571232,1,0.999,6.26229371435531e-166,5.46240795223255e-276,1.24259327370932,1,0.998,1.28972914160163e-271,1.221604972131e-292,1.1810869909318,1,0.996,2.8843314996985e-288,2.65227805444721e-170,4.88641988852408e-292,mitochondrially encoded NADH:ubiquinone oxidoreductase core subunit 1 [Source:HGNC Symbol;Acc:HGNC:7455],0.961147971391629
3,MT-ND5,8.44722228588357e-177,0.725372814761951,1,0.997,1.99447365391997e-172,2.16249295005504e-162,0.716678609964334,1,0.995,5.10586210437497e-158,1.98873479384092e-288,1.58044140032084,1,0.944,4.6956017217378e-284,2.30285879941565e-277,1.32841701626773,1,0.907,5.43727991130029e-273,2.16249295005504e-162,7.95493917536406e-288,mitochondrially encoded NADH:ubiquinone oxidoreductase core subunit 5 [Source:HGNC Symbol;Acc:HGNC:7461],1.08772746032871
3,MT-ATP6,6.71376255578489e-214,0.83264406499332,1,1,1.58518647704637e-209,1.04530092159692e-185,0.742741581027368,1,1,2.46806000598249e-181,2.72619509091746e-277,1.30826034573824,1,0.999,6.43681922916521e-273,5.92799600747438e-285,1.22760398476945,1,0.998,1.39965913732478e-280,1.04530092159692e-185,2.37119840298963e-284,mitochondrially encoded ATP synthase membrane subunit 6 [Source:HGNC Symbol;Acc:HGNC:7414],1.0278124941321
3,MT-ND4,7.24467364671676e-194,0.75370579271607,1,1,1.71053989472629e-189,3.06776699767324e-180,0.70157043991285,1,1,7.24330465820629e-176,3.61211320940208e-270,1.18599518316831,1,0.999,8.52856049871924e-266,1.17893851370168e-272,1.11570787935356,1,0.999,2.78359172470103e-268,3.06776699767324e-180,4.71575405480663e-272,mitochondrially encoded NADH:ubiquinone oxidoreductase core subunit 4 [Source:HGNC Symbol;Acc:HGNC:7459],0.939244823787697
3,MTRNR2L12,6.71846821440357e-116,0.62357568771691,0.982,0.903,1.58629753010283e-111,6.63131185725858e-96,0.5796925187834,0.988,0.878,1.56571904261732e-91,1.50980087767518e-271,1.34614996928357,1,0.902,3.56479085227886e-267,1.02501876508327e-262,1.15289171908407,0.997,0.829,2.4201718062381e-258,6.63131185725858e-96,6.03920351070058e-271,MT-RNR2 like 12 [Source:HGNC Symbol;Acc:HGNC:37169],0.925577473716988
3,MT-CO3,1.8136623995212e-211,0.78365707951773,1,1,4.28223829150951e-207,3.90176802770291e-186,0.693650346998794,1,1,9.21246449020934e-182,3.78941964120301e-253,1.15250643670238,1,0.999,8.94719871484442e-249,1.22183386080201e-251,1.10282447790132,1,0.999,2.88487192873963e-247,3.90176802770291e-186,1.51576785648116e-252,mitochondrially encoded cytochrome c oxidase III [Source:HGNC Symbol;Acc:HGNC:7422],0.933159585280056
3,MT-ND6,6.32947923378878e-103,0.717544173028414,0.995,0.914,1.49445334188987e-98,1.43330636557562e-106,0.78678613968433,1,0.907,3.3841796597606e-102,4.79381941062134e-253,1.4339639992445,0.998,0.76,1.13186870104181e-248,4.5416400472849e-252,1.33107150169638,0.991,0.707,1.07232663156444e-247,6.32947923378878e-103,1.91752776424858e-252,mitochondrially encoded NADH:ubiquinone oxidoreductase core subunit 6 [Source:HGNC Symbol;Acc:HGNC:7462],1.06734145341341
3,KCNQ1OT1,1.58722699504847e-31,0.36659300798502,0.991,0.947,3.74760165800895e-27,1.90102347477198e-38,0.434122837711072,0.992,0.957,4.48850652628413e-34,6.27573036862849e-176,1.53403482733609,0.98,0.622,1.48176269733687e-171,1.32582992608628e-185,1.49353601756786,0.909,0.511,3.13041703848232e-181,1.58722699504847e-31,5.30331970434519e-185,KCNQ1 opposite strand/antisense transcript 1 [Source:HGNC Symbol;Acc:HGNC:6295],0.957071672650011
4,MT2A,6.03344424873419e-12,1.27614351828471,0.969,0.88,1.42455652156863e-07,3.98322221136999e-27,1.27190344198743,1,0.902,9.40478596326569e-23,2.89874502463146e-301,1.08420359497581,1,0.999,6.84422687765735e-297,0,1.09371862978721,1,0.993,0,6.03344424873419e-12,0,metallothionein 2A [Source:HGNC Symbol;Acc:HGNC:7406],1.18149229625879
4,NFKBIA,9.15838382043357e-09,1.20004875308459,0.969,0.878,0.000216238600384257,7.43466752674934e-05,1.44405106509739,0.932,0.852,1,0,1.0575293126508,1,0.976,0,0,1.11137712559308,1,0.976,0,7.43466752674934e-05,0,NFKB inhibitor alpha [Source:HGNC Symbol;Acc:HGNC:7797],1.20325156410646
4,ID1,2.06503464229275e-06,0.539133786033702,0.984,0.997,0.048757532939174,0.044114157056125,0.613495024889934,1,0.995,1,6.19316559454721e-217,0.694754904931207,1,1,1.46226832852854e-212,0,0.760443537422379,1,0.999,0,0.044114157056125,0,inhibitor of DNA binding 1, HLH protein [Source:HGNC Symbol;Acc:HGNC:5360],0.651956813319306
4,GADD45B,0.000193096603202312,0.935603747195011,0.359,0.215,1,0.00140085202104452,0.854420408751687,0.338,0.215,1,4.6198463416612e-278,0.892174066125607,1,0.902,1.09079191972963e-273,0,0.904140375012491,1,0.904,0,0.00140085202104452,0,growth arrest and DNA damage inducible beta [Source:HGNC Symbol;Acc:HGNC:4096],0.896584649271199
4,JUNB,0.00450838021663311,0.486788922774051,0.844,0.819,1,0.0551173998789825,0.339871317119334,0.919,0.811,1,2.98737554427511e-273,0.834172120834698,1,0.954,7.05349239758795e-269,0,0.848877963708256,1,0.951,0,0.0551173998789825,0,JunB proto-oncogene, AP-1 transcription factor subunit [Source:HGNC Symbol;Acc:HGNC:6205],0.627427581109085
4,ID2,0.000229760278013092,0.688206456237901,0.828,0.735,1,0.00923397416047124,0.609451540587967,0.905,0.768,1,1.67797215849511e-170,0.659927362628174,0.999,0.955,3.96186006342279e-166,2.11240163774723e-299,0.781890764478222,1,0.961,4.98759150688498e-295,0.00923397416047124,8.44960655098925e-299,inhibitor of DNA binding 2 [Source:HGNC Symbol;Acc:HGNC:5361],0.684869030983066
4,HES1,0.0122775211590108,0.464004924285436,0.422,0.339,1,0.0524531332088945,0.503544927101793,0.392,0.327,1,1.5966786046708e-190,0.834663861573746,0.999,0.825,3.76991785348822e-186,6.73715235825626e-270,0.867772126137768,0.998,0.821,1.59070904330789e-265,0.0524531332088945,2.69486094330266e-269,hes family bHLH transcription factor 1 [Source:HGNC Symbol;Acc:HGNC:5192],0.667496459774686
4,MT1X,2.08606924131112e-09,0.998611705723082,0.844,0.731,4.92541808565969e-05,3.57209435312596e-21,1.02459455068559,0.919,0.73,8.4340719771657e-17,1.14811532845736e-244,1.04341554550298,1,0.975,2.71081510202067e-240,4.87062375776127e-263,0.951117843644265,0.998,0.938,1.15000297544501e-258,2.08606924131112e-09,1.94824950310447e-262,metallothionein 1X [Source:HGNC Symbol;Acc:HGNC:7405],1.00443491138898
4,CCN1,0.390512172631453,0.380796655247339,0.75,0.746,1,0.426780035255106,0.412169941031716,0.811,0.745,1,7.56503679970977e-166,0.676636021765861,1,0.948,1.78618083877947e-161,1.24301037476127e-251,0.684811910499975,1,0.959,2.93487179584882e-247,0.426780035255106,4.97204149904521e-251,cellular communication network factor 1 [Source:HGNC Symbol;Acc:HGNC:2654],0.538603632136223
4,IER3,4.35794759290731e-09,1.05871913509098,0.828,0.611,0.000102895500616135,0.00506211812727278,0.890304924139943,0.649,0.531,1,2.84190007895124e-69,0.486929382817751,0.996,0.902,6.71001027641178e-65,1.11489645339374e-84,0.459491168396398,0.998,0.925,2.63238201610797e-80,0.00506211812727278,4.459585813575e-84,immediate early response 3 [Source:HGNC Symbol;Acc:HGNC:5392],0.723861152611267
5,CLDN3,5.91907657116757e-62,0.343711687892915,0.999,0.992,1.39755316921837e-57,6.61784106043284e-80,0.3710637416871,0.999,0.992,1.5625384527788e-75,1.36321867230338e-88,0.787915367326911,0.982,0.883,3.2186956071755e-84,3.87338129324616e-61,0.669706021267996,0.959,0.811,9.1454405714835e-57,3.87338129324616e-61,5.45287468921347e-88,claudin 3 [Source:HGNC Symbol;Acc:HGNC:2045],0.54309920454373
5,XAGE2,1.30148738411555e-48,0.335504914304566,0.719,0.467,3.07294186263523e-44,8.06425367812018e-45,0.315575511366196,0.661,0.431,1.90405093594096e-40,4.70972700165071e-27,0.341329103136973,0.48,0.228,1.11201364235975e-22,9.04155584797466e-19,0.27736157112887,0.484,0.272,2.1348017512653e-14,9.04155584797466e-19,5.20594953646226e-48,X antigen family member 2 [Source:HGNC Symbol;Acc:HGNC:4112],0.317442774984151
5,TACSTD2,4.42556097978692e-35,0.33368498853349,0.93,0.889,1.04491920293749e-30,4.85652914545943e-27,0.267979845966883,0.907,0.858,1.14667509653443e-22,5.41755802805831e-43,0.517184724204411,0.899,0.708,1.27913962600485e-38,1.86008379759583e-37,0.492385580945075,0.854,0.667,4.39184385450352e-33,4.85652914545943e-27,2.16702321122333e-42,tumor associated calcium signal transducer 2 [Source:HGNC Symbol;Acc:HGNC:11530],0.402808784912464
5,CLDN4,6.98921170918818e-31,0.262429396659542,0.934,0.896,1.65022277665642e-26,3.28975810328087e-40,0.273076388854093,0.959,0.909,7.76744785765646e-36,5.24309717844708e-35,0.423397145623286,0.957,0.826,1.23794767480314e-30,6.83515229738002e-13,0.257223174219341,0.875,0.782,1.6138478089344e-08,6.83515229738002e-13,1.31590324131235e-39,claudin 4 [Source:HGNC Symbol;Acc:HGNC:2046],0.304031526339065
5,NEAT1,7.86950627619618e-29,0.307937375976294,1,0.999,1.85806912687268e-24,9.66447558107086e-35,0.290126354409096,1,1,2.28187932944664e-30,2.95021624694241e-26,0.369247532634767,1,0.999,6.96575558065572e-22,1.31456457235828e-06,0.278380612732477,0.994,0.999,0.0310381841179514,1.31456457235828e-06,3.86579023242834e-34,nuclear paraspeckle assembly transcript 1 [Source:HGNC Symbol;Acc:HGNC:30815],0.311422968938158
5,CDKN3,6.90432774656736e-11,0.269000116786986,0.876,0.9,1.63018082424202e-06,1.21831160266833e-17,0.313412055515781,0.873,0.88,2.87655552506019e-13,8.87983766544081e-29,0.884504182182658,0.813,0.757,2.09661847118723e-24,4.4771631934248e-29,0.901344994776079,0.752,0.651,1.05710300159953e-24,6.90432774656736e-11,1.79086527736992e-28,cyclin dependent kinase inhibitor 3 [Source:HGNC Symbol;Acc:HGNC:1791],0.592065337315376
5,PTTG1,8.08223866673224e-13,0.26884652717918,0.966,0.98,1.90829737160215e-08,9.44702660161942e-26,0.348385736882278,0.975,0.976,2.23053745090836e-21,4.80263948708125e-11,0.711675340215531,0.905,0.964,1.13395120929476e-06,1.34472316446142e-17,0.722642459394773,0.93,0.954,3.17502586360985e-13,4.80263948708125e-11,3.77881064064776e-25,PTTG1 regulator of sister chromatid separation, securin [Source:HGNC Symbol;Acc:HGNC:9690],0.512887515917941
5,CCNB1,2.43434811981914e-08,0.335136231078471,0.827,0.861,0.000574773934570497,1.0606171570427e-16,0.453343068352321,0.807,0.82,2.50422316949352e-12,2.12060340742287e-13,0.710116159965524,0.771,0.781,5.00695670526614e-09,7.28678816317298e-21,0.854334995437227,0.79,0.703,1.72048355320677e-16,2.43434811981914e-08,2.91471526526917e-20,cyclin B1 [Source:HGNC Symbol;Acc:HGNC:1579],0.588232613708386
6,HIST1H4C,4.87518582089311e-141,1.37932691807672,0.953,0.785,1.15108012417107e-136,4.55729282602605e-156,1.33764923730391,0.968,0.781,1.07602240915301e-151,1.09015088769379e-170,1.10747953730899,0.971,0.883,2.57395526093381e-166,7.72007195716084e-142,0.891222850995511,0.967,0.871,1.82278618980525e-137,4.87518582089311e-141,4.36060355077519e-170,histone cluster 1 H4 family member c [Source:HGNC Symbol;Acc:HGNC:4787],1.17891963592128
6,TUBB,5.55001779726888e-134,0.643785824441857,1,0.997,1.31041470211316e-129,1.50982093020953e-146,0.647176867183512,0.998,0.997,3.56483819831773e-142,3.02712230598865e-112,0.511217373700209,0.998,0.974,7.1473384766698e-108,1.10005066013327e-122,0.472604380804448,0.997,0.983,2.59732961364067e-118,3.02712230598865e-112,6.03928372083812e-146,tubulin beta class I [Source:HGNC Symbol;Acc:HGNC:20778],0.568696111532507
6,HELLS,6.42617945905524e-110,0.679253556893129,0.97,0.798,1.51728523207753e-105,2.98803146021648e-125,0.698359207996872,0.984,0.781,7.05504108071712e-121,2.91430303993396e-60,0.404109599302045,0.809,0.616,6.88096090758807e-56,2.17753434779746e-76,0.419064801271928,0.784,0.518,5.14137634858458e-72,2.91430303993396e-60,1.19521258408659e-124,helicase, lymphoid specific [Source:HGNC Symbol;Acc:HGNC:4861],0.550196791365994
6,HIST2H2AC,6.57059544460498e-104,0.705317610956182,0.745,0.292,1.55138329042568e-99,1.78162129093762e-115,0.740442163406211,0.774,0.329,4.20658603003281e-111,1.09982930934389e-50,0.359363980142716,0.573,0.29,2.59680698229186e-46,4.65447698863404e-38,0.250001580140246,0.466,0.248,1.09896856178638e-33,4.65447698863404e-38,7.12648516375054e-115,histone cluster 2 H2A family member c [Source:HGNC Symbol;Acc:HGNC:4738],0.513781333661339
6,CDK1,8.35416080503068e-84,0.557262775671614,0.988,0.708,1.9725009076758e-79,2.48377193398878e-108,0.62203500721091,0.99,0.675,5.86443391334092e-104,1.59668771380295e-91,0.768565787313738,0.881,0.721,3.76993936106013e-87,3.07007708499081e-104,0.707518808978214,0.874,0.668,7.24875900537181e-100,8.35416080503068e-84,9.93508773595521e-108,cyclin dependent kinase 1 [Source:HGNC Symbol;Acc:HGNC:1722],0.663845594793619
6,PCLAF,1.28893937826206e-80,0.503165547580398,0.988,0.874,3.04331476601455e-76,3.08768236033992e-95,0.563256601242257,0.988,0.84,7.29032682099859e-91,1.02595392565013e-87,0.507257615557506,0.957,0.87,2.42237981385253e-83,2.02806635777217e-104,0.503481061696819,0.967,0.859,4.78846747733588e-100,1.28893937826206e-80,8.1122654310888e-104,PCNA clamp associated factor [Source:HGNC Symbol;Acc:HGNC:28961],0.519290206519245
6,TPX2,6.75624172602134e-56,0.442785098555444,0.979,0.864,1.5952162339309e-51,1.71104333599611e-68,0.477964645070558,0.976,0.82,4.03994442062041e-64,9.47529415454129e-82,0.650086682831476,0.914,0.768,2.23721170282874e-77,9.00417352037927e-102,0.667149127332217,0.899,0.724,2.12597540989675e-97,6.75624172602134e-56,3.60166940815172e-101,TPX2 microtubule nucleation factor [Source:HGNC Symbol;Acc:HGNC:1249],0.559496388447424
6,TOP2A,9.89947770137253e-70,0.533385887009084,0.96,0.743,2.33736568007107e-65,5.62444676696334e-72,0.498424874121516,0.962,0.724,1.32798812614772e-67,1.5490183488628e-69,0.588675116101041,0.734,0.432,3.65738722349996e-65,8.41652907235508e-98,0.652113165221181,0.729,0.394,1.98722667927376e-93,1.5490183488628e-69,3.36661162894206e-97,DNA topoisomerase II alpha [Source:HGNC Symbol;Acc:HGNC:11989],0.568149760613206
6,UBE2C,8.0266134649416e-81,0.593096314950314,0.991,0.783,1.89516370520736e-76,4.59183926413047e-94,0.640852011448947,0.986,0.747,1.08417916865385e-89,1.38652788677439e-54,0.525801080917593,0.995,0.953,3.27373099346302e-50,1.2968898063932e-58,0.522107140478232,0.969,0.939,3.06208652187498e-54,1.38652788677439e-54,1.83673570565221e-93,ubiquitin conjugating enzyme E2 C [Source:HGNC Symbol;Acc:HGNC:15937],0.570464136948772
6,MKI67,3.67939299009341e-75,0.587427209080278,0.963,0.807,8.68741478890955e-71,1.65273071266428e-90,0.591041492368127,0.986,0.783,3.90226248567163e-86,1.33089049462838e-42,0.491725773219675,0.79,0.595,3.14236554686706e-38,3.39631056203286e-57,0.595047866551629,0.721,0.497,8.01902886801578e-53,1.33089049462838e-42,6.61092285065719e-90,marker of proliferation Ki-67 [Source:HGNC Symbol;Acc:HGNC:7107],0.566310585304927
7,TNFSF9,1.68340872134242e-77,0.667639105279975,0.807,0.48,3.97469633196158e-73,3.45974081314118e-62,0.535698869452696,0.781,0.506,8.16879403390763e-58,1.32842102757896e-185,0.818648748406797,0.661,0.161,3.13653488821668e-181,3.85721524973392e-179,0.841737111502249,0.654,0.171,9.10727092614677e-175,3.45974081314118e-62,5.31368411031583e-185,TNF superfamily member 9 [Source:HGNC Symbol;Acc:HGNC:11939],0.715930958660429
7,CTH,1.0781615906853e-171,0.87479485387624,0.649,0.151,2.54564733176705e-167,1.27202211330204e-166,0.891184626090962,0.602,0.144,3.00337141171745e-162,5.09378254318636e-62,0.275149016080779,0.213,0.042,1.20269299627173e-57,3.81387981665869e-96,0.33479736033911,0.298,0.058,9.00495163511284e-92,5.09378254318636e-62,4.31264636274112e-171,cystathionine gamma-lyase [Source:HGNC Symbol;Acc:HGNC:2501],0.593981464096773
7,UCA1,6.3099489089531e-99,1.01171734915315,0.922,0.694,1.48984203689292e-94,2.64497168794826e-110,0.950187474921233,0.931,0.687,6.24504265241463e-106,1.54452357448975e-108,0.81534546656239,0.778,0.369,3.64677461172774e-104,1.2072573202564e-83,0.743139838218978,0.746,0.404,2.85045525885739e-79,1.2072573202564e-83,1.0579886751793e-109,urothelial cancer associated 1 [Source:HGNC Symbol;Acc:HGNC:37126],0.880097532213938
7,RHOBTB3,2.13297143897374e-65,0.588269446715337,0.988,0.968,5.0361588645609e-61,1.1005172628478e-53,0.503630226851022,0.983,0.972,2.59843130930994e-49,7.06430015917571e-106,0.899080019465864,0.99,0.961,1.66795191058298e-101,8.14116713636064e-94,0.817750078279147,0.994,0.967,1.92221097256611e-89,1.1005172628478e-53,2.8257200636703e-105,Rho related BTB domain containing 3 [Source:HGNC Symbol;Acc:HGNC:18757],0.702182442827842
7,CD70,4.21029176696011e-61,0.83344089348773,0.76,0.504,9.94091989096952e-57,5.55461334384219e-60,0.703012313278246,0.785,0.537,1.31149975661458e-55,2.29795520033395e-105,0.562437873108131,0.51,0.143,5.42570202350849e-101,3.58447102288904e-98,0.4714145440543,0.511,0.156,8.46329453214331e-94,5.55461334384219e-60,9.1918208013358e-105,CD70 molecule [Source:HGNC Symbol;Acc:HGNC:11937],0.642576405982102
7,CD24,4.54039045676515e-56,0.481834160656191,0.993,0.991,1.07203159074682e-51,5.95368245891508e-58,0.479010006513465,1,0.997,1.40572396537444e-53,2.23627925948853e-99,0.788239317384283,0.981,0.903,5.28007895957836e-95,1.36954799629403e-72,0.682367440022244,0.966,0.904,3.23363977404983e-68,4.54039045676515e-56,8.94511703795417e-99,CD24 molecule [Source:HGNC Symbol;Acc:HGNC:1645],0.607862731144046
7,PERP,1.02679983658544e-28,0.338863071068102,0.995,0.986,2.42437709416187e-24,5.21287149844739e-50,0.378858375983674,0.998,0.991,1.23081108949841e-45,9.3868961182333e-81,0.715329992684726,0.927,0.818,2.21634004247606e-76,1.75962824234628e-95,0.757622511581428,0.924,0.752,4.15465824300379e-91,1.02679983658544e-28,7.03851296938522e-95,p53 apoptosis effector related to PMP22 [Source:HGNC Symbol;Acc:HGNC:17637],0.547668487829483
7,OTULINL,1.83642010466695e-25,0.389635420026662,0.692,0.494,4.33597150912913e-21,3.39739479455778e-33,0.435231092476034,0.802,0.649,8.02158884943037e-29,4.36186371108389e-81,0.715303501695831,0.895,0.731,1.02987964082402e-76,4.54346681581996e-60,0.623024034796244,0.839,0.661,1.07275794988325e-55,1.83642010466695e-25,1.74474548443359e-80,OTU deubiquitinase with linear linkage specificity like [Source:HGNC Symbol;Acc:HGNC:25629],0.540798512248693
7,IGFL2-AS1,4.4140604681751e-63,0.816512989053438,0.812,0.571,1.04220381714082e-58,2.95777966613365e-80,0.905273901962298,0.821,0.56,6.98361356970816e-76,1.7879736251286e-63,0.643767077099293,0.822,0.574,4.22158452629114e-59,5.22306441960728e-79,0.75890134838134,0.843,0.612,1.23321774011348e-74,4.4140604681751e-63,1.18311186645348e-79,IGFL2 antisense RNA 1 [Source:HGNC Symbol;Acc:HGNC:52559],0.781113829124092
7,FLG,1.54876729509319e-07,0.686836368693332,0.614,0.633,0.00365679446044453,2.92385868789059e-15,0.893773371949238,0.683,0.661,6.90352274797847e-11,3.68089896138406e-22,1.04376202911251,0.343,0.185,8.6909705377239e-18,8.80250606405378e-29,0.906005001177185,0.427,0.231,2.07835970678374e-24,1.54876729509319e-07,3.5210024256215e-28,filaggrin [Source:HGNC Symbol;Acc:HGNC:3748],0.882594192733067
8,HIST2H2AC,1.68350718739261e-162,0.910804503367373,0.896,0.289,3.9749288201527e-158,7.69235021474917e-204,0.921074652193571,0.921,0.322,1.81624080920443e-199,4.59639101262994e-102,0.739349990377221,0.768,0.291,1.08525388199206e-97,4.68334651161411e-118,0.581350994278111,0.658,0.241,1.10578494485721e-113,4.59639101262994e-102,3.07694008589971e-203,histone cluster 2 H2A family member c [Source:HGNC Symbol;Acc:HGNC:4738],0.788145035054069
8,HIST1H4C,3.18616997935491e-171,1.46624559515963,0.992,0.784,7.52286593825488e-167,4.29205038616116e-198,1.4458474278808,0.989,0.781,1.01339601667651e-193,4.74647302664043e-71,0.935737124039907,0.943,0.888,1.12068974632007e-66,7.17901410880364e-107,0.801020603178257,0.975,0.872,1.69503702122963e-102,4.74647302664043e-71,1.71682015446449e-197,histone cluster 1 H4 family member c [Source:HGNC Symbol;Acc:HGNC:4787],1.16221268756465
8,PCLAF,6.85726655240397e-88,0.593641231641757,0.995,0.875,1.6190692056881e-83,5.79542160263899e-118,0.66833151573265,0.996,0.84,1.36835699459909e-113,1.44320951057957e-49,0.490859861094997,0.951,0.874,3.40756197542941e-45,2.43501710437771e-80,0.495513976154839,0.949,0.862,5.74931888514622e-76,1.44320951057957e-49,2.31816864105563e-117,PCNA clamp associated factor [Source:HGNC Symbol;Acc:HGNC:28961],0.562086646156061
8,TUBA1B,9.18927195652677e-54,0.381061550677862,1,0.997,2.16967900165553e-49,1.4454469146874e-81,0.473033025734474,1,0.996,3.41284471026841e-77,6.18698968612398e-82,0.666344074811028,0.997,0.984,1.46081013479073e-77,9.36062948121721e-113,0.564349673637354,1,0.991,2.2101382268102e-108,9.18927195652677e-54,3.74425179248692e-112,tubulin alpha 1b [Source:HGNC Symbol;Acc:HGNC:18809],0.521197081215179
8,CKS1B,1.79281651757991e-55,0.384925490358822,1,0.973,4.23301907965792e-51,9.59192191442093e-80,0.454814710473137,1,0.966,2.26474868321393e-75,2.28173536079057e-77,0.423322542363338,1,0.998,5.38740536036261e-73,6.05135258000356e-100,0.388012533122362,1,0.999,1.42878485766464e-95,1.79281651757991e-55,2.42054103200145e-99,CDC28 protein kinase regulatory subunit 1B [Source:HGNC Symbol;Acc:HGNC:19083],0.412768819079414
8,H1FX,1.11290991659638e-79,0.563775824137223,1,0.978,2.62769160407571e-75,6.1200327471127e-97,0.545626090127527,0.998,0.984,1.44500093192078e-92,2.40788226875728e-43,0.428508946489591,1,0.991,5.68525082476282e-39,7.98379096738904e-54,0.379847671404429,0.995,0.976,1.88505288531023e-49,2.40788226875728e-43,2.44801309884509e-96,H1 histone family member X [Source:HGNC Symbol;Acc:HGNC:4722],0.479439633039693
8,DUT,4.62770176088453e-81,0.473237389224844,1,0.974,1.09264666276245e-76,4.275847423689e-90,0.484454185270957,0.996,0.974,1.00957033520721e-85,6.61198487617108e-39,0.387563028139325,0.943,0.858,1.56115574911275e-34,1.88805389237691e-44,0.362983176665183,0.889,0.794,4.45788404529113e-40,6.61198487617108e-39,1.71033896947562e-89,deoxyuridine triphosphatase [Source:HGNC Symbol;Acc:HGNC:3078],0.427059444825077
8,RRM1,1.01373145784799e-43,0.39185411865133,0.935,0.796,2.39352134512489e-39,3.76446234849727e-82,0.515366690063765,0.956,0.783,8.88827205103691e-78,1.57635749750546e-32,0.325676820993181,0.73,0.45,3.72193768736014e-28,3.47445894229825e-37,0.254916086899073,0.627,0.351,8.20354500866039e-33,1.57635749750546e-32,1.50578493939893e-81,ribonucleotide reductase catalytic subunit M1 [Source:HGNC Symbol;Acc:HGNC:10451],0.371953429151837
8,TOPBP1,2.66188700322735e-62,0.453689739403027,0.975,0.917,6.2849814033201e-58,3.80448592080213e-80,0.469425470161994,0.991,0.914,8.9827717076059e-76,3.25356596905392e-28,0.284295030164046,0.959,0.889,7.68199460953321e-24,3.24165183134434e-45,0.316576905069695,0.947,0.872,7.65386413898711e-41,3.25356596905392e-28,1.52179436832085e-79,DNA topoisomerase II binding protein 1 [Source:HGNC Symbol;Acc:HGNC:17008],0.380996786199691
8,H1F0,1.00784839902052e-60,0.516474914280428,0.973,0.886,2.37963085492734e-56,2.76244280905446e-56,0.439193199550348,0.978,0.914,6.52240371645849e-52,1.43850798924296e-51,0.576046822489993,0.911,0.778,3.39646121340155e-47,6.25484173949078e-32,0.340628997720544,0.826,0.677,1.47683068311117e-27,6.25484173949078e-32,4.03139359608204e-60,H1 histone family member 0 [Source:HGNC Symbol;Acc:HGNC:4714],0.468085983510328
9,RND3,1.56544249179842e-09,0.436094818441515,0.874,0.789,3.69616626738524e-05,1.28852811500081e-12,0.578574385018911,0.854,0.738,3.04234373232842e-08,5.44506055080849e-143,0.663357791404093,0.997,0.939,1.28563324665139e-138,5.42148178439607e-197,0.665067367037098,0.999,0.96,1.28006606411376e-192,1.56544249179842e-09,2.16859271375844e-196,Rho family GTPase 3 [Source:HGNC Symbol;Acc:HGNC:671],0.585773590475404
9,CITED2,4.16489135372406e-12,0.456467665948105,0.775,0.569,9.83372497527788e-08,3.17532368537676e-09,0.501842657542336,0.777,0.651,7.49725675354306e-05,2.81537734402329e-115,0.701813887445444,0.973,0.862,6.64738744697338e-111,6.89153169275559e-164,0.694450130527284,0.991,0.888,1.62715954797652e-159,3.17532368537676e-09,2.75661267710232e-163,Cbp/p300 interacting transactivator with Glu/Asp rich carboxy-terminal domain 2 [Source:HGNC Symbol;Acc:HGNC:1987],0.588643585365792
9,ID1,5.86786007458095e-17,0.500137298538899,1,0.996,1.38546044220931e-12,6.30114085066823e-25,0.600172439080752,1,0.995,1.48776236625128e-20,6.40963381345619e-112,0.481198432698334,1,1,1.51337863969514e-107,4.06040989264954e-133,0.455006544955019,1,0.999,9.58703379753482e-129,5.86786007458095e-17,1.62416395705986e-132,inhibitor of DNA binding 1, HLH protein [Source:HGNC Symbol;Acc:HGNC:5360],0.509128678818251
9,ID2,3.28592141570578e-13,0.605369512670122,0.865,0.734,7.75838905462291e-09,2.2121469529561e-21,0.738730794307687,0.885,0.767,5.22310017062464e-17,7.42050757560912e-91,0.519006049940571,0.995,0.957,1.75205604367707e-86,1.25049287323316e-125,0.50158767297086,0.998,0.963,2.95253872299081e-121,3.28592141570578e-13,5.0019714929326e-125,inhibitor of DNA binding 2 [Source:HGNC Symbol;Acc:HGNC:5361],0.59117350747231
9,MARCKS,5.9437149222265e-07,0.343486092986873,0.937,0.891,0.014033705302869,1.73019997733788e-12,0.466377715145842,0.938,0.915,4.08517516649247e-08,1.37072147905543e-110,0.600236226242166,0.988,0.894,3.23641048419777e-106,3.13562665075014e-110,0.520644587561283,0.994,0.917,7.40352808508615e-106,5.9437149222265e-07,5.48288591622181e-110,myristoylated alanine rich protein kinase C substrate [Source:HGNC Symbol;Acc:HGNC:6759],0.482686155484041
9,EFNB2,2.24343897541942e-09,0.341566025928434,0.865,0.765,5.29698376486278e-05,1.05697133455863e-09,0.34002783899531,0.908,0.838,2.49561501802637e-05,5.14178491015463e-94,0.628220346741023,0.971,0.845,1.21402683513661e-89,1.93311962813793e-100,0.559249517494794,0.979,0.859,4.56428875399646e-96,2.24343897541942e-09,7.73247851255179e-100,ephrin B2 [Source:HGNC Symbol;Acc:HGNC:3227],0.46726593228989
9,SMAD7,1.9685348353388e-06,0.281515345069155,0.658,0.469,0.0464790759971843,1.43477139744559e-09,0.346359314769868,0.738,0.567,3.38763874650879e-05,2.573268134572e-66,0.384867396028109,0.961,0.849,6.07574339253795e-62,5.67620501358733e-91,0.429008552623836,0.962,0.845,1.3402087657581e-86,1.9685348353388e-06,2.27048200543494e-90,SMAD family member 7 [Source:HGNC Symbol;Acc:HGNC:6773],0.360437652122742
9,AMOTL2,1.07239260478196e-14,0.418800909508867,0.991,0.981,2.5320261791507e-10,5.80150668930859e-11,0.363050704905264,0.977,0.978,1.36979374441265e-06,5.39857677052433e-79,0.430350992537906,0.998,0.982,1.2746579612885e-74,5.58982057240271e-87,0.391569820682133,1,0.987,1.31981253535e-82,5.80150668930859e-11,2.2359282289611e-86,angiomotin like 2 [Source:HGNC Symbol;Acc:HGNC:17812],0.400943106908543
9,PLK2,8.82703092514514e-20,0.594448307700512,0.973,0.928,2.08415027173602e-15,3.91745984412108e-19,0.669948522384884,0.962,0.918,9.24951443795428e-15,2.46957585085881e-30,0.293682463514247,0.894,0.827,5.83091554146274e-26,1.11687946514774e-42,0.327250457040997,0.956,0.891,2.63706410516034e-38,3.91745984412108e-19,4.46751786059097e-42,polo like kinase 2 [Source:HGNC Symbol;Acc:HGNC:19699],0.47133243766016
9,RABEPK,2.10743997538779e-10,0.370885112864717,0.829,0.636,4.97587652588811e-06,1.99646937388787e-10,0.384404544081627,0.8,0.636,4.71386383868665e-06,3.67870797863286e-33,0.357045404627659,0.861,0.811,8.68579740835005e-29,2.21021243175094e-32,0.316655155390823,0.832,0.772,5.21853257260715e-28,2.10743997538779e-10,1.47148319145315e-32,Rab9 effector protein with kelch motifs [Source:HGNC Symbol;Acc:HGNC:16896],0.357247554241207
10,FTH1,8.89525197443105e-77,0.43855047500278,1,1,2.10025794368291e-72,7.86559961393914e-111,0.444118608569256,1,1,1.85714672484717e-106,7.95562559934751e-40,0.453414826386653,1,1,1.87840276026194e-35,3.20007082178647e-220,0.759222822163276,1,1,7.55568721732003e-216,7.95562559934751e-40,1.2800283287146e-219,ferritin heavy chain 1 [Source:HGNC Symbol;Acc:HGNC:3976],0.523826683030491
10,FTL,7.95655674095654e-119,0.548447858520019,1,1,1.87862261210725e-114,3.1296992407667e-145,0.535427778156291,1,1,7.38953287737424e-141,2.30438433831837e-30,0.413614905564616,1,0.996,5.4408818612035e-26,5.03315843643118e-160,0.632324838053223,1,0.992,1.18837903842577e-155,2.30438433831837e-30,2.01326337457248e-159,ferritin light chain [Source:HGNC Symbol;Acc:HGNC:3999],0.532453845073537
10,GUK1,3.23205417401916e-82,0.39523437887419,1,0.999,7.63120311027663e-78,6.19934690179581e-106,0.390112252497294,1,0.999,1.46372779698301e-101,1.95802582404637e-32,0.405369026331146,1,0.972,4.62309477315588e-28,3.3426013941059e-157,0.642304562252255,0.998,0.914,7.89221615162344e-153,1.95802582404637e-32,1.33704055764236e-156,guanylate kinase 1 [Source:HGNC Symbol;Acc:HGNC:4693],0.458255054988721
10,SNHG29,7.91135992883138e-106,0.524573251890296,1,1,1.86795119279638e-101,1.07983671258515e-144,0.540439497736927,1,1,2.54960246208481e-140,4.6070035102768e-34,0.35152616246945,1,1,1.08775959881145e-29,2.25790493854013e-155,0.51603439126508,1,1,5.3311393503871e-151,4.6070035102768e-34,9.03161975416053e-155,small nucleolar RNA host gene 29 [Source:HGNC Symbol;Acc:HGNC:28619],0.483143325840438
10,SYNGR2,1.82724572814938e-58,0.415565788037052,0.99,0.945,4.3143098887335e-54,9.05188909782954e-91,0.450166443226572,0.996,0.95,2.13724153488853e-86,4.9202530801374e-18,0.336812314085873,0.923,0.795,1.16172095475124e-13,1.49651963925191e-111,0.549820287647095,0.926,0.672,3.53343252023769e-107,4.9202530801374e-18,5.98607855700775e-111,synaptogyrin 2 [Source:HGNC Symbol;Acc:HGNC:11499],0.438091208249148
10,DHCR24,1.49823683737369e-80,0.510737225749908,0.997,0.99,3.53748699672302e-76,2.61244775240304e-107,0.496123144785751,1,0.997,6.16825038819881e-103,2.52594607288765e-10,0.269324970816825,0.923,0.862,5.96401127269502e-06,3.45065256461054e-87,0.462695249094526,0.952,0.786,8.14733577030195e-83,2.52594607288765e-10,1.04497910096122e-106,24-dehydrocholesterol reductase [Source:HGNC Symbol;Acc:HGNC:2859],0.434720147611752
10,HIST1H4C,3.07161994675461e-48,0.647812108385244,0.904,0.789,7.25240185628231e-44,6.8967425946377e-64,0.55414054395348,0.94,0.783,1.62838989401991e-59,7.55744560412568e-28,0.602757589815542,0.979,0.888,1.78438848159011e-23,1.62755341860485e-104,0.672188635847883,0.98,0.871,3.84281637666791e-100,7.55744560412568e-28,6.5102136744194e-104,histone cluster 1 H4 family member c [Source:HGNC Symbol;Acc:HGNC:4787],0.619224719500537
10,CDR2L,7.65925217359114e-51,0.425364321025151,0.959,0.904,1.8084260307066e-46,3.73501166211259e-49,0.378719617841123,0.954,0.884,8.81873603541402e-45,2.15870285655558e-20,0.387530408622854,0.923,0.78,5.09691331461339e-16,9.44266150853355e-94,0.536900617752228,0.898,0.685,2.22950680877986e-89,2.15870285655558e-20,3.77706460341345e-93,cerebellar degeneration related protein 2 like [Source:HGNC Symbol;Acc:HGNC:29999],0.432128741310339
10,CCDC85B,3.07008900605086e-82,0.484031723927199,1,0.972,7.24878715218668e-78,2.11348213404015e-93,0.453970536249461,0.996,0.981,4.99014266668219e-89,1.50410543709728e-17,0.322227363750323,0.938,0.816,3.55134334753039e-13,4.26219290718281e-83,0.478664227695678,0.902,0.653,1.00634636731493e-78,1.50410543709728e-17,8.45392853616051e-93,coiled-coil domain containing 85B [Source:HGNC Symbol;Acc:HGNC:24926],0.434723462905665
10,NME4,1.12012141566574e-60,0.438846054745881,0.987,0.957,2.64471867452838e-56,3.53428027337743e-76,0.443586660454405,0.988,0.958,8.34478915347146e-72,5.35301719407658e-12,0.322662548419387,0.799,0.667,1.26390088969342e-07,3.09734240246243e-74,0.469023704547427,0.802,0.521,7.31313514645405e-70,5.35301719407658e-12,1.41371210935099e-75,NME/NM23 nucleoside diphosphate kinase 4 [Source:HGNC Symbol;Acc:HGNC:7852],0.418529742041775
11,MT2A,5.11006076693175e-52,1.17216406398192,0.992,0.879,1.20653644768026e-47,1.38314467320888e-54,1.25923147722422,1,0.901,3.26574288791349e-50,1.7580858890725e-146,0.791640101404361,1,0.999,4.15101659268909e-142,1.50082822832456e-180,0.885264511476536,1,0.994,3.54360552989713e-176,5.11006076693175e-52,6.00331291329835e-180,metallothionein 2A [Source:HGNC Symbol;Acc:HGNC:7406],1.02707503852176
11,MT1X,6.35482559463266e-40,0.899748835991726,0.93,0.729,1.50043787114872e-35,7.54160914454416e-34,0.909257449896373,0.953,0.728,1.78064933511832e-29,6.93531712929864e-141,0.787276495737682,1,0.976,1.6374977273987e-136,1.19762164682703e-158,0.831445971443248,1,0.942,2.82770447032331e-154,7.54160914454416e-34,4.79048658730827e-158,metallothionein 1X [Source:HGNC Symbol;Acc:HGNC:7405],0.856932188267257
11,STMN1,5.06047354357333e-07,0.250281618848619,0.992,0.965,0.011948284083731,9.77402386988085e-09,0.323450664685476,0.984,0.96,0.000230774477591757,5.75810600579493e-152,0.756447023247854,0.98,0.823,1.35954640902824e-147,1.30550941252189e-146,0.746203818014683,0.951,0.751,3.08243827390544e-142,5.06047354357333e-07,2.30324240231794e-151,stathmin 1 [Source:HGNC Symbol;Acc:HGNC:6510],0.519095781199158
11,UCHL1,9.16563031382471e-23,0.437410872817379,1,0.992,2.16409697339715e-18,4.77435022635849e-19,0.434308516087406,1,0.994,1.1272718319455e-14,3.05053329094604e-145,0.730102381696225,0.997,0.963,7.20261415325268e-141,1.2407438258461e-125,0.643662123263863,0.994,0.95,2.92952024720522e-121,4.77435022635849e-19,1.22021331637845e-144,ubiquitin C-terminal hydrolase L1 [Source:HGNC Symbol;Acc:HGNC:12513],0.561370973466218
11,TUBA1B,5.35444743722521e-08,0.2772358932787,1,0.997,0.00126423858440324,6.40998756927106e-16,0.441264206660634,1,0.996,1.51346216498059e-11,3.35459511727276e-84,0.618749663530393,1,0.983,7.92053453139272e-80,1.09989861153471e-80,0.490419343206575,1,0.991,2.59697061169461e-76,5.35444743722521e-08,1.3418380469091e-83,tubulin alpha 1b [Source:HGNC Symbol;Acc:HGNC:18809],0.456917276669076
11,MT1F,5.28954812861928e-22,0.573980178988315,0.703,0.369,1.2489152086483e-17,7.30409950544274e-18,0.508159307461045,0.764,0.497,1.72457093423009e-13,1.15875098114194e-52,0.456405495854464,0.997,0.973,2.73592694157423e-48,3.21206751431564e-78,0.518406940147968,0.997,0.941,7.58401260805067e-74,7.30409950544274e-18,1.28482700572625e-77,metallothionein 1F [Source:HGNC Symbol;Acc:HGNC:7398],0.514237980612948
11,FABP5,1.00952859464224e-05,0.377845904777197,0.703,0.582,0.23835979648098,8.66792702168783e-09,0.414725557367147,0.835,0.657,0.000204658424909071,8.48954122870941e-73,0.609112460174448,0.921,0.792,2.00446557951058e-68,1.03564008721095e-71,0.57118845451187,0.901,0.77,2.44524980991379e-67,1.00952859464224e-05,3.39581649148378e-72,fatty acid binding protein 5 [Source:HGNC Symbol;Acc:HGNC:3560],0.493218094207665
11,PPDPF,1.42536689591344e-17,0.364062635729244,1,0.999,3.36543377794123e-13,8.66351960839169e-17,0.279103781013875,1,0.999,2.04554361473736e-12,6.27140900158221e-67,0.470263745595087,0.988,0.958,1.48074237936358e-62,2.15905799456268e-55,0.423603541469767,0.972,0.938,5.09775183096195e-51,8.66351960839169e-17,2.50856360063292e-66,pancreatic progenitor cell differentiation and proliferation factor [Source:HGNC Symbol;Acc:HGNC:16142],0.384258425951993
11,DDIT4,0.0328080011588197,0.254369372371012,0.539,0.487,1,7.58472481478539e-05,0.260668685021018,0.685,0.533,1,6.66539129819236e-64,0.631669774771301,0.554,0.265,1.5737655394162e-59,2.89907826127597e-37,0.378717599741136,0.398,0.196,6.84501368269869e-33,0.0328080011588197,2.66615651927693e-63,DNA damage inducible transcript 4 [Source:HGNC Symbol;Acc:HGNC:24944],0.381356357976117
11,NMU,3.78070817395094e-09,0.364867970713271,1,0.99,8.92663006951555e-05,8.11265692346912e-10,0.395783096607732,0.992,0.991,1.91547942620029e-05,2.36070258873782e-59,0.59117425448843,0.939,0.844,5.57385488226887e-55,1.21997864857872e-46,0.481382418628693,0.911,0.815,2.88049158715922e-42,3.78070817395094e-09,9.44281035495145e-59,neuromedin U [Source:HGNC Symbol;Acc:HGNC:7859],0.458301935109532
12,CXCL8,3.47489837714699e-215,0.967883293285032,0.329,0.015,8.20458255828176e-211,2.94135622429372e-155,0.852213050488043,0.241,0.011,6.9448361811799e-151,8.46682778683354e-240,1.35485853980421,0.498,0.059,1.99910270874927e-235,0,2.01356232279036,0.681,0.101,0,2.94135622429372e-155,0,C-X-C motif chemokine ligand 8 [Source:HGNC Symbol;Acc:HGNC:6025],1.29712930159191
12,CXCL2,4.10262356253353e-193,0.914966210942116,0.554,0.061,9.68670449349791e-189,1.82402526522416e-130,0.902219635391832,0.465,0.061,4.30670605372076e-126,6.40553455446329e-219,1.04213740255106,0.623,0.11,1.51241076365433e-214,0,1.25255843837862,0.764,0.147,0,1.82402526522416e-130,0,C-X-C motif chemokine ligand 2 [Source:HGNC Symbol;Acc:HGNC:4603],1.02797042181591
12,CXCL3,3.09789232753222e-119,0.609647488658968,0.415,0.055,7.31443357453632e-115,1.5584913736229e-109,0.668096751626818,0.39,0.05,3.67975398226103e-105,1.10578026642468e-253,1.12014630314539,0.788,0.167,2.61085778705532e-249,1.07655444686886e-288,1.16623075478811,0.844,0.209,2.54185270450208e-284,1.5584913736229e-109,4.3062177874754e-288,C-X-C motif chemokine ligand 3 [Source:HGNC Symbol;Acc:HGNC:4604],0.89103032455482
12,CXCL1,4.67745853349987e-244,2.32054430228958,0.934,0.197,1.10439473434466e-239,3.58098631811622e-227,2.17771561911866,0.921,0.192,8.45506679570422e-223,3.75302764151054e-228,1.89608624861307,0.998,0.742,8.86127356437053e-224,5.2043450715745e-266,1.84178721496619,1,0.823,1.22879791484946e-261,3.58098631811622e-227,2.08173802862973e-265,C-X-C motif chemokine ligand 1 [Source:HGNC Symbol;Acc:HGNC:4602],2.05903334624688
12,IER3,1.16610825609944e-48,0.890450389223128,0.849,0.604,2.75329820347639e-44,8.27367700526097e-45,1.15175179700324,0.797,0.524,1.95349787771217e-40,7.71320253917268e-98,1.06877332010193,0.993,0.909,1.82116425152406e-93,3.66729290819375e-134,1.12962454277486,0.99,0.931,8.65884528553626e-130,8.27367700526097e-45,1.46691716327754e-133,immediate early response 3 [Source:HGNC Symbol;Acc:HGNC:5392],1.06015001227579
12,TNF,2.2211137941242e-79,0.347868056134364,0.252,0.029,5.24427177930664e-75,3.25921610088374e-40,0.282337832181649,0.183,0.028,7.6953351357966e-36,5.76078113062095e-95,1.15070380951436,0.749,0.352,1.36017803275091e-90,9.55294944874483e-130,1.14845275180953,0.848,0.461,2.25554689434314e-125,3.25921610088374e-40,3.82117977949791e-129,tumor necrosis factor [Source:HGNC Symbol;Acc:HGNC:11892],0.732340612409977
12,CLDN1,2.22253373272487e-77,1.03027179095515,0.767,0.298,5.24762439633669e-73,2.03778104412495e-42,0.848072020286474,0.66,0.313,4.81140482328342e-38,1.60625488243091e-100,0.756555408982105,0.642,0.226,3.79252840290762e-96,1.05617999390008e-113,0.830811378119293,0.691,0.271,2.49374658359747e-109,2.03778104412495e-42,4.22471997560044e-113,claudin 1 [Source:HGNC Symbol;Acc:HGNC:2032],0.866427649585755
12,PLAU,4.64915084088444e-30,0.894004059630635,0.516,0.245,1.09771100504122e-25,5.28199167591723e-25,0.616314376575248,0.552,0.285,1.24713105460082e-20,2.24671441643995e-68,0.546073075364371,0.486,0.168,5.30471740865636e-64,2.81476057913991e-92,0.721189527021947,0.513,0.17,6.64593120340723e-88,5.28199167591723e-25,1.12590423165595e-91,plasminogen activator, urokinase [Source:HGNC Symbol;Acc:HGNC:9052],0.69439525964805
12,CLDN16,2.25337222785476e-40,0.908291804929824,0.833,0.6,5.32043716718788e-36,1.34866797135195e-29,0.675891473761767,0.71,0.458,3.18433994715909e-25,8.97602824125053e-38,0.396303006027523,0.433,0.188,2.11933002804166e-33,1.67009060564336e-46,0.48353611875545,0.495,0.236,3.94325092898453e-42,1.34866797135195e-29,6.68036242257345e-46,claudin 16 [Source:HGNC Symbol;Acc:HGNC:2037],0.616005600868641
12,CTSB,2.40988962882918e-34,0.789172264235073,0.992,0.983,5.68999040262858e-30,6.74387862538361e-21,0.662792028238522,0.988,0.97,1.59229718223932e-16,3.59079135169854e-27,0.558443586647687,0.928,0.911,8.47821746049542e-23,6.32561373582639e-28,0.504276747045403,0.932,0.908,1.49354065916597e-23,6.74387862538361e-21,9.63955851531677e-34,cathepsin B [Source:HGNC Symbol;Acc:HGNC:2527],0.628671156541671
13,MT-CO3,1.65624469464064e-174,0.783363040183723,1,1,3.91055934851601e-170,1.51075798986742e-152,0.718117883193721,1,1,3.56705068987595e-148,3.14588142218743e-109,1.25415573935845,1,0.999,7.42774062592675e-105,6.07579148204042e-116,1.21830983246887,1,0.999,1.43455512682456e-111,3.14588142218743e-109,6.62497877856252e-174,mitochondrially encoded cytochrome c oxidase III [Source:HGNC Symbol;Acc:HGNC:7422],0.993486623801193
13,NEAT1,1.96012491135171e-173,1.02466552896032,1,0.999,4.62805092819252e-169,6.42317675453122e-157,1.03131021522054,1,1,1.51657626351237e-152,2.7414184775155e-120,1.60155556142225,1,0.999,6.47276316726184e-116,8.14193661639762e-102,1.33829397374853,1,0.998,1.92239265449764e-97,8.14193661639762e-102,7.84049964540709e-173,nuclear paraspeckle assembly transcript 1 [Source:HGNC Symbol;Acc:HGNC:30815],1.24895631983791
13,MALAT1,3.95254809973183e-168,1.0722156347012,1,1,9.33236131827683e-164,3.39415170465873e-149,1.10110123548223,1,1,8.01393158986973e-145,6.34777546559958e-145,2.00478796106327,1,1,1.49877326518272e-140,1.35968567807688e-126,1.72614706297443,1,1,3.21035385450731e-122,1.35968567807688e-126,1.58101923989273e-167,metastasis associated lung adenocarcinoma transcript 1 [Source:HGNC Symbol;Acc:HGNC:29665],1.47606297355528
13,MT-ATP6,8.56755110847537e-157,0.761240563521886,1,1,2.02288449222212e-152,6.32112895925934e-141,0.711885335316314,1,1,1.49248175857072e-136,3.45207577781569e-108,1.28957360239988,1,0.999,8.15069611900063e-104,1.91476522285774e-116,1.2838174858379,1,0.998,4.5209521676894e-112,3.45207577781569e-108,3.42702044339025e-156,mitochondrially encoded ATP synthase membrane subunit 6 [Source:HGNC Symbol;Acc:HGNC:7414],1.011629246769
13,MT-ND4,5.47734247249784e-155,0.735956173180518,1,1,1.29325533118146e-150,1.53862427503945e-134,0.676351016071181,1,1,3.63284577579563e-130,2.41559572685285e-115,1.25102529042163,1,0.999,5.70346307067227e-111,5.13690238637851e-120,1.22163086824679,1,0.999,1.21287402244783e-115,2.41559572685285e-115,2.19093698899918e-154,mitochondrially encoded NADH:ubiquinone oxidoreductase core subunit 4 [Source:HGNC Symbol;Acc:HGNC:7459],0.971240836980029
13,MT-CYB,4.86392103202422e-150,0.722047209248831,1,1,1.14842039487124e-145,6.55274946601663e-137,0.651892689008346,1,1,1.54716967642119e-132,7.63115108536895e-115,1.23189114218662,1,0.998,1.80179108276646e-110,1.34479213840437e-118,1.13326451297742,1,0.997,3.17518871798655e-114,7.63115108536895e-115,1.94556841280971e-149,mitochondrially encoded cytochrome b [Source:HGNC Symbol;Acc:HGNC:7427],0.934773888355303
13,MT-ND1,1.38241882067558e-146,0.709575699297706,1,1,3.26402907749712e-142,5.53179173093389e-130,0.664577496812726,1,0.999,1.3061113455908e-125,3.10502897229902e-110,1.20339091999572,1,0.998,7.33128390649522e-106,3.85309624457699e-108,1.12227222996053,1,0.996,9.09754554307074e-104,3.85309624457699e-108,5.5296752827024e-146,mitochondrially encoded NADH:ubiquinone oxidoreductase core subunit 1 [Source:HGNC Symbol;Acc:HGNC:7455],0.92495408651667
13,MT-CO2,2.90869574875714e-145,0.744408314704542,1,1,6.86772153239049e-141,8.79429881073323e-139,0.675050600452686,1,1,2.07642189220222e-134,2.67659365296857e-117,1.35327860599457,1,1,6.31970527402408e-113,1.87315900542468e-129,1.34307002816536,1,0.999,4.4227157277082e-125,2.67659365296857e-117,1.16347829950287e-144,mitochondrially encoded cytochrome c oxidase II [Source:HGNC Symbol;Acc:HGNC:7421],1.02895188732929
13,MT-ND3,2.62050684728296e-142,0.708242432854902,1,0.999,6.1872787171198e-138,4.32647958422419e-129,0.6301110221247,1,0.999,1.02152509463117e-124,3.97165178311279e-97,1.1197830109495,1,0.998,9.37746702510762e-93,3.68798865053124e-104,1.12370714375178,1,0.998,8.70771000276932e-100,3.97165178311279e-97,1.04820273891322e-141,mitochondrially encoded NADH:ubiquinone oxidoreductase core subunit 3 [Source:HGNC Symbol;Acc:HGNC:7458],0.895460902420221
13,MT-CO1,7.10920393775124e-138,0.731717058566766,1,1,1.67855414174245e-133,4.16703265017304e-128,0.69031826948507,1,1,9.83878079032356e-124,1.45592398984997e-117,1.29285176799466,1,0.999,3.43758213243476e-113,7.30959409142457e-127,1.26796617530865,1,0.998,1.72586826092626e-122,1.45592398984997e-117,2.84368157510049e-137,mitochondrially encoded cytochrome c oxidase I [Source:HGNC Symbol;Acc:HGNC:7419],0.995713317838786
14,FLG,1.21178298752144e-266,1.93696338702804,1,0.608,2.86114081183686e-262,5.42794339206643e-299,1.8915156062816,1,0.636,1.28159171430081e-294,7.96822230778025e-136,2.00069753777882,0.991,0.183,1.88137696908999e-131,9.85983684878604e-140,1.92970689763254,0.972,0.23,2.32800607836687e-135,7.96822230778025e-136,2.17117735682648e-298,filaggrin [Source:HGNC Symbol;Acc:HGNC:3748],1.93972085718025
15,CRYAB,1.17485404936052e-202,1.92764604220436,1,0.747,2.77394789594512e-198,3.29106044341488e-166,2.00803182953566,1,0.698,7.77052281294688e-162,1.18216944998166e-110,1.91132465021592,0.936,0.381,2.79122028835171e-106,4.66666645945494e-135,1.9252723227507,0.968,0.407,1.10184661774191e-130,1.18216944998166e-110,4.69941619744222e-202,crystallin alpha B [Source:HGNC Symbol;Acc:HGNC:2389],1.94306871117666
15,HSPB1,4.34413207001671e-61,0.425154579627089,1,0.999,1.02569302305164e-56,2.87288804427262e-39,0.362965941712153,1,0.999,6.78317596133208e-35,1.31231027225707e-16,0.319243053429928,1,1,3.09849578382616e-12,9.21793493110883e-24,0.304286714325613,1,0.999,2.17644661658411e-19,1.31231027225707e-16,1.73765282800669e-60,heat shock protein family B (small) member 1 [Source:HGNC Symbol;Acc:HGNC:5246],0.352912572273696
15,TMSB10,1.34768174165342e-59,0.309110433553792,1,1,3.18201136021789e-55,7.64962386134416e-54,0.338180956276559,1,1,1.80615268990197e-49,4.34223528743034e-29,0.320075356503581,1,1,1.02524517371518e-24,5.86805321190377e-27,0.265577346409878,1,1,1.3855060438626e-22,5.86805321190377e-27,5.39072696661375e-59,thymosin beta 10 [Source:HGNC Symbol;Acc:HGNC:11879],0.308236023185952
15,S100A10,4.52392758821385e-55,0.436153292123982,1,1,1.06814454285317e-50,1.05957220393884e-38,0.441544684917301,1,1,2.50175593071999e-34,9.95473679392297e-28,0.344154245820186,1,1,2.35041290441315e-23,1.53810915102093e-36,0.341410617509049,1,1,3.63162951647552e-32,9.95473679392297e-28,1.80957103528553e-54,S100 calcium binding protein A10 [Source:HGNC Symbol;Acc:HGNC:10487],0.390815710092629
15,S100A11,6.07694379079829e-42,0.318285282261333,1,1,1.43482719844538e-37,5.33375840796721e-37,0.351549366328074,1,0.999,1.25935369770514e-32,3.49964492385719e-28,0.519455372221331,1,0.996,8.26301162971922e-24,5.3305757180978e-22,0.385259738290762,1,0.995,1.25860223280007e-17,5.3305757180978e-22,2.43077751631933e-41,S100 calcium binding protein A11 [Source:HGNC Symbol;Acc:HGNC:10488],0.393637439775375
15,ANXA2,6.60602430386394e-42,0.321866621685808,1,1,1.55974839838532e-37,1.73270325469212e-32,0.298782617445694,1,1,4.09108565465357e-28,8.56714770104493e-19,0.276794181140355,1,1,2.02278924369372e-14,9.73937699571276e-24,0.286292906360168,1,1,2.29956430245774e-19,8.56714770104493e-19,2.64240972154557e-41,annexin A2 [Source:HGNC Symbol;Acc:HGNC:537],0.295934081658006
15,S100A6,1.34426973612267e-37,0.325077038656227,1,1,3.17395527395924e-33,1.07078883895035e-38,0.343503659853131,1,1,2.52823952764567e-34,6.21694192248484e-13,0.330780703219388,1,1,1.46788215731789e-08,9.98722513650979e-22,0.321177188541237,1,1,2.35808372698133e-17,6.21694192248484e-13,4.28315535580143e-38,S100 calcium binding protein A6 [Source:HGNC Symbol;Acc:HGNC:10496],0.330134647567496
15,MT2A,6.26915660873961e-12,0.275541284404976,0.963,0.877,1.48021056688951e-07,1.07705098662374e-09,0.376194849838636,0.941,0.901,2.54302508451732e-05,3.23453831541199e-19,0.294242372417418,1,0.999,7.63706841651924e-15,4.76628978006332e-21,0.263559544214528,1,0.994,1.12536867997075e-16,1.07705098662374e-09,1.90651591202532e-20,metallothionein 2A [Source:HGNC Symbol;Acc:HGNC:7406],0.302384512718889
15,FHL2,8.24013381223724e-21,0.452822067571053,0.944,0.753,1.94557799440734e-16,1.05384423393111e-20,0.422313122898041,0.948,0.724,2.48823162073474e-16,2.06779746656439e-15,0.407136501631584,0.676,0.43,4.88227659830518e-11,4.50540978145821e-19,0.432598360794727,0.664,0.415,1.0637723035001e-14,2.06779746656439e-15,3.29605352489489e-20,four and a half LIM domains 2 [Source:HGNC Symbol;Acc:HGNC:3703],0.428717513223851
15,LGALS1,3.14083065947697e-20,0.280211195466632,0.992,0.986,7.41581527009106e-16,9.07474493881925e-21,0.314698651223981,0.997,0.985,2.14263802750461e-16,3.54431587796262e-15,0.432657025341158,0.989,0.928,8.36848421945753e-11,6.3263590090404e-19,0.364404546158441,0.973,0.916,1.49371662562453e-14,3.54431587796262e-15,3.62989797552768e-20,galectin 1 [Source:HGNC Symbol;Acc:HGNC:6561],0.347992854547553
16,GAS5,8.03601191597552e-15,1.41570748780774,1,0.989,1.89738277348098e-10,2.39558149949201e-12,1.18053149804647,1,0.995,5.65620747845059e-08,1.57448972325111e-120,0.600654291827778,1,1,3.71752768556819e-116,7.76442046765641e-151,0.585502849399195,1,1,1.83325731661835e-146,2.39558149949201e-12,3.10576818706251e-150,growth arrest specific 5 [Source:HGNC Symbol;Acc:HGNC:16355],0.945599031770294
16,SNHG29,3.96611102540422e-15,0.764809732414816,1,1,9.3643847420819e-11,1.85020431051194e-10,0.600814189209506,1,1,4.36851739754975e-06,7.95030615820113e-123,0.571950387237942,1,1,1.87714678701287e-118,4.88379394387534e-127,0.549258613894358,1,1,1.15311258808841e-122,1.85020431051194e-10,1.9535175775501e-126,small nucleolar RNA host gene 29 [Source:HGNC Symbol;Acc:HGNC:28619],0.621708230689156
16,SNHG8,2.30107177145729e-05,0.459640589695399,1,0.995,0.54330605595878,6.9257258084749e-07,0.426201522108526,1,0.995,0.0163523312063901,1.18624666749691e-87,0.579214739900405,1,0.999,2.80084700662694e-83,8.07527416720746e-113,0.626253772908836,1,0.999,1.90665298361935e-108,2.30107177145729e-05,3.23010966688307e-112,small nucleolar RNA host gene 8 [Source:HGNC Symbol;Acc:HGNC:33098],0.522827656153292
16,SNHG5,7.42519047704184e-11,0.62359597427171,1,0.998,1.75316172353435e-06,9.75757965516509e-07,0.403298933052846,1,0.997,0.0230386213238103,1.26997291220226e-57,0.331956529954261,1,1,2.99853304300076e-53,2.02953423620591e-104,0.436574351902129,1,1,4.79193328510577e-100,9.75757965516509e-07,8.11813694482364e-104,small nucleolar RNA host gene 5 [Source:HGNC Symbol;Acc:HGNC:21026],0.448856447295237
16,SNHG12,0.00332906273177717,1.23360236159646,0.471,0.256,1,0.00268605192087221,0.330104921556121,0.477,0.304,1,1.57437356890322e-46,0.600699718598701,0.97,0.903,3.71725343353739e-42,5.01099421175119e-79,0.703569251527733,0.984,0.903,1.18314584333657e-74,0.00332906273177717,2.0043976847005e-78,small nucleolar RNA host gene 12 [Source:HGNC Symbol;Acc:HGNC:30062],0.716994063319754
16,SNHG7,3.82232434579936e-07,0.773750845416286,0.971,0.954,0.00902489001286686,3.51881450153748e-07,0.532653917850786,1,0.956,0.00830827291958014,1.60335039906665e-62,0.427491025766079,1,1,3.78567062723626e-58,3.1141696655085e-61,0.403632628803455,1,0.998,7.35286599723212e-57,3.82232434579936e-07,6.41340159626659e-62,small nucleolar RNA host gene 7 [Source:HGNC Symbol;Acc:HGNC:28254],0.534382104459151
16,TXNIP,0.00123459622148867,1.27355348740417,0.647,0.463,1,0.000797688011279192,0.572448656890981,0.75,0.7,1,1.76411239959642e-57,0.565188381502991,1,0.97,4.16524578668711e-53,4.17536204938594e-57,0.529532186494244,0.987,0.942,9.85844733480514e-53,0.00123459622148867,7.05644959838581e-57,thioredoxin interacting protein [Source:HGNC Symbol;Acc:HGNC:16952],0.735180678073096
16,ZFAS1,1.88599670680816e-11,0.970364389508707,1,1,4.45302682444474e-07,4.01160082970232e-10,0.776300349567373,1,1,9.47179071901016e-06,6.65948483801325e-35,0.25787323207824,1,1,1.57237096510331e-30,9.3420459893255e-53,0.303530427559737,1,1,2.20575047853964e-48,4.01160082970232e-10,3.73681839573023e-52,ZNFX1 antisense RNA 1 [Source:HGNC Symbol;Acc:HGNC:33101],0.577017099678514
16,ATF3,2.08781681907116e-11,1.0000102034634,0.412,0.095,4.92954429150891e-07,2.82741245669309e-09,0.636351885238806,0.386,0.119,6.67580355149805e-05,8.69883155233318e-46,0.639933707026988,0.892,0.742,2.05388111782139e-41,4.01224303385246e-48,0.555735083095565,0.876,0.717,9.47330702722904e-44,2.82741245669309e-09,1.60489721354098e-47,activating transcription factor 3 [Source:HGNC Symbol;Acc:HGNC:785],0.70800771970619
16,SNHG32,3.00351761783605e-10,0.780556935441807,0.794,0.366,7.0916054474727e-06,1.04234316686461e-05,0.411402959732733,0.727,0.459,0.246107645128403,1.43337562489879e-31,0.351309103032895,0.956,0.874,3.38434318794853e-27,3.50792285605795e-30,0.332286898860358,0.926,0.828,8.28255665543843e-26,1.04234316686461e-05,5.73350249959515e-31,small nucleolar RNA host gene 32 [Source:HGNC Symbol;Acc:HGNC:19078],0.468888974266948
17,AC245014.3,5.00372877742438e-172,0.934980752828806,0.664,0.106,1.18143040163767e-167,1.00711347715411e-235,1.04022229574048,0.76,0.104,2.37789563090857e-231,8.8078572733136e-106,0.667416251855907,0.515,0.068,2.07962318080207e-101,8.68926904550394e-109,0.661474930456712,0.455,0.063,2.05162331433394e-104,8.8078572733136e-106,4.02845390861664e-235,novel transcript,0.826023557720477
17,AC103591.3,2.12523707294726e-131,1.05098992620381,0.792,0.214,5.01789725293577e-127,9.37636746411241e-149,1.28453115437833,0.856,0.248,2.21385412195158e-144,4.30583148545294e-67,1.28225336280387,0.806,0.297,1.01664987203029e-62,1.27072562518531e-45,0.963027527487152,0.64,0.263,3.00031027362504e-41,1.27072562518531e-45,3.75054698564499e-148,novel transcript, antisense to DNAJB4,1.14520049271829
17,AC010997.5,1.45898588525428e-119,1.2309290858629,0.816,0.29,3.44481157367389e-115,5.63626415545658e-148,1.4278981567789,0.88,0.305,1.33077832974485e-143,2.12671485027834e-78,1.11901164601404,0.691,0.174,5.02138643299218e-74,1.81114105979023e-127,1.12177347895959,0.78,0.177,4.2762851562707e-123,2.12671485027834e-78,2.25450566218262e-147,novel transcript,1.22490309190386
17,SNHG19,8.25602413907987e-146,1.59337252224902,1,0.882,1.94932985947815e-141,3.3264738559014e-145,1.71212859912131,1,0.929,7.8541374211688e-141,5.16839545840493e-101,1.80523977856516,1,0.957,1.22030985168399e-96,1.26674899383507e-119,1.84511069279614,1,0.915,2.99092104934399e-115,5.16839545840493e-101,3.30240965563198e-145,small nucleolar RNA host gene 19 [Source:HGNC Symbol;Acc:HGNC:49574],1.7389628981829
17,SNHG4,5.22127868961265e-74,0.88042155696268,0.96,0.662,1.23279611140444e-69,8.50834425486114e-79,0.878960113982325,0.944,0.663,2.00890516201526e-74,1.3435900036749e-120,0.975807799250029,0.745,0.136,3.1723503576768e-116,6.00451629068839e-132,1.14134601275714,0.765,0.164,1.41772634139444e-127,5.22127868961265e-74,2.40180651627532e-131,small nucleolar RNA host gene 4 [Source:HGNC Symbol;Acc:HGNC:32964],0.969133870738043
17,SNHG3,1.58779442028307e-95,0.940950718363327,0.996,0.967,3.74894140573035e-91,1.41795178532938e-119,1.02936708610241,1,0.971,3.34792596034119e-115,4.58055852495889e-83,1.3062283357547,1,0.878,1.08151567332804e-78,3.82213715093354e-95,1.23811735861815,1,0.898,9.02444802706918e-91,4.58055852495889e-83,5.67180714131753e-119,small nucleolar RNA host gene 3 [Source:HGNC Symbol;Acc:HGNC:10118],1.12866587470965
17,AC132192.2,1.74792946162776e-107,0.875847494107266,0.732,0.216,4.1270362518493e-103,1.69009741155508e-113,0.910493509276377,0.76,0.228,3.9904889984227e-109,6.21805128562266e-114,0.849156093257814,0.752,0.142,1.46814408904837e-109,1.42417386165674e-113,0.780220070859546,0.7,0.147,3.36261690475772e-109,1.74792946162776e-107,2.48722051424913e-113,novel transcript, antisense to ZNF143,0.853929291875251
17,HOXA-AS2,3.23582051895438e-89,1.04040723319069,0.956,0.626,7.64009582730319e-85,3.38461688528992e-103,1.21452709896176,0.956,0.69,7.99141892785802e-99,3.03579195567713e-40,0.856871745432122,0.77,0.357,7.16780838654927e-36,1.89954668464587e-44,0.694412244567763,0.75,0.353,4.48501967711737e-40,3.03579195567713e-40,1.35384675411598e-102,HOXA cluster antisense RNA 2 [Source:HGNC Symbol;Acc:HGNC:43745],0.951554580538084
17,CSKMT,7.72946598952678e-64,0.692388007629876,0.98,0.859,1.82500421478717e-59,1.71510416453059e-92,0.897736349092374,0.988,0.888,4.04953244287317e-88,3.54219185455578e-68,0.977904817070021,1,0.853,8.36346918779164e-64,2.23483576239972e-83,1.01391487214729,0.995,0.829,5.27667071860198e-79,7.72946598952678e-64,6.86041665812232e-92,citrate synthase lysine methyltransferase [Source:HGNC Symbol;Acc:HGNC:33113],0.895486011484891
17,IGFL2-AS1,0.000143979014117791,0.65876804603884,0.652,0.582,1,3.13501244314293e-05,0.552420518776139,0.624,0.574,0.740207787950476,1.44758368388938e-31,1.31642301160401,0.8,0.584,3.41788983603121e-27,2.08064519523999e-54,1.20380195322568,0.885,0.618,4.91261137048113e-50,0.000143979014117791,8.32258078095998e-54,IGFL2 antisense RNA 1 [Source:HGNC Symbol;Acc:HGNC:52559],0.932853382411168
18,LRRC75A,6.21450858239008e-42,0.734903496151701,0.734,0.442,1.46730762138812e-37,4.3647837320964e-08,0.318896531166986,0.705,0.55,0.00103056908698528,2.37747465676888e-21,0.77879951054236,0.936,0.747,5.613455412097e-17,4.95755584782076e-64,0.788013978009425,0.952,0.711,1.17052851122896e-59,4.3647837320964e-08,1.98302233912831e-63,leucine rich repeat containing 75A [Source:HGNC Symbol;Acc:HGNC:32403],0.655153378967618
19,FAM83D,1.52182727168236e-21,0.544178414723712,0.596,0.328,3.59318637116921e-17,1.50529865765756e-15,0.614856599514616,0.659,0.391,3.55416066059526e-11,5.68821148485172e-130,1.72728004977222,0.986,0.265,1.34304361368834e-125,2.04843661280159e-162,1.48655258595188,0.916,0.271,4.83656368648583e-158,1.50529865765756e-15,8.1937464512065e-162,family with sequence similarity 83 member D [Source:HGNC Symbol;Acc:HGNC:16122],1.09321691249061
19,CCNB1,6.85481800413777e-61,0.927427231600914,0.988,0.854,1.61849107895697e-56,3.0334463175188e-22,0.763283724134783,0.913,0.817,7.16227010029364e-18,4.61862993548105e-89,1.57585895601403,1,0.776,1.09050471406643e-84,5.51953502752207e-114,1.3816005006539,0.975,0.699,1.30321741534824e-109,3.0334463175188e-22,2.20781401100886e-113,cyclin B1 [Source:HGNC Symbol;Acc:HGNC:1579],1.16204260310091
19,KPNA2,1.29122827571485e-73,1.17635773099737,0.994,0.9,3.04871908179033e-69,1.14352296366905e-31,1.08897677974266,0.976,0.892,2.69997206951899e-27,1.00917923079697e-81,1.59766666845667,0.993,0.965,2.38277308183474e-77,2.54358354964805e-112,1.41719593211717,1,0.941,6.00565511907401e-108,1.14352296366905e-31,1.01743341985921e-111,karyopherin subunit alpha 2 [Source:HGNC Symbol;Acc:HGNC:6395],1.32004927782847
19,CDKN3,9.14838725804673e-52,0.755647413889726,0.994,0.895,2.16002571549741e-47,2.9251303340298e-23,0.697079126628027,0.952,0.878,6.90652523167777e-19,7.21777207496042e-85,1.62631855757227,1,0.755,1.7041881646189e-80,9.36649581305967e-109,1.39574406082263,0.971,0.647,2.21152332642152e-104,2.9251303340298e-23,3.74659832522391e-108,cyclin dependent kinase inhibitor 3 [Source:HGNC Symbol;Acc:HGNC:1791],1.11869728972816
19,UBE2C,2.16818638342468e-74,1.31732511814885,1,0.79,5.11930486990402e-70,3.49808117338851e-36,1.31309705969775,0.944,0.76,8.2593194584876e-32,8.64579229851588e-85,1.67026175451555,1,0.955,2.04135801960258e-80,1.26611756283236e-108,1.41181301676623,1,0.94,2.9894301776035e-104,3.49808117338851e-36,5.06447025132943e-108,ubiquitin conjugating enzyme E2 C [Source:HGNC Symbol;Acc:HGNC:15937],1.42812423728209
19,AURKA,3.73992773596089e-62,0.918155734580966,0.988,0.713,8.83034337737726e-58,2.85987058296959e-24,0.827212630659893,0.841,0.669,6.75244043344951e-20,2.80606874122392e-90,1.76031034174058,0.993,0.497,6.6254089049038e-86,1.97317361302481e-107,1.44806674213171,0.912,0.406,4.65886021771287e-103,2.85987058296959e-24,7.89269445209921e-107,aurora kinase A [Source:HGNC Symbol;Acc:HGNC:11393],1.23843636227829
19,PTTG1,7.68773495367372e-59,0.751143108229368,1,0.978,1.8151510999119e-54,5.89473704407259e-28,0.668676340016097,1,0.976,1.39180636347598e-23,1.25787492766199e-81,1.54108390257604,1,0.961,2.96996849170272e-77,3.62896179679494e-106,1.33668714239484,1,0.952,8.56834169841252e-102,5.89473704407259e-28,1.451584718718e-105,PTTG1 regulator of sister chromatid separation, securin [Source:HGNC Symbol;Acc:HGNC:9690],1.07439762330409
19,CDK1,1.38717138186499e-61,1.01630227949985,0.988,0.718,3.27525034972142e-57,7.60851997800329e-32,0.891826504637171,0.937,0.692,1.79644765200636e-27,8.93085514117797e-85,1.73081775267126,0.993,0.729,2.10866420738353e-80,5.37148963749666e-104,1.47204297122329,0.958,0.677,1.26826241830934e-99,7.60851997800329e-32,2.14859585499868e-103,cyclin dependent kinase 1 [Source:HGNC Symbol;Acc:HGNC:1722],1.27774737700789
19,NUSAP1,1.31676395193991e-64,1.03185727738844,0.982,0.686,3.10901136692533e-60,5.56990200192663e-30,0.896873563834472,0.937,0.66,1.3151095616749e-25,8.0331618908902e-85,1.40350420630936,0.979,0.578,1.89670985405808e-80,6.88244256784326e-88,1.16225405965796,0.882,0.46,1.62501351469347e-83,5.56990200192663e-30,2.75297702713734e-87,nucleolar and spindle associated protein 1 [Source:HGNC Symbol;Acc:HGNC:18538],1.12362227679756
19,HMGB2,1.51243286115949e-46,0.717914835018664,1,0.855,3.57100522848367e-42,1.53760420384315e-22,0.656299122984618,0.944,0.839,3.63043728569407e-18,1.24269191134074e-79,1.52280399168118,1,0.804,2.93411987186661e-75,1.26584649025214e-84,1.22706443733033,0.975,0.785,2.98879014813433e-80,1.53760420384315e-22,5.06338596100857e-84,high mobility group box 2 [Source:HGNC Symbol;Acc:HGNC:5000],1.0310205967537
20,PLCG2,3.43385915852387e-15,3.64223919958918,0.941,0.325,8.1076848591907e-11,9.63258844061238e-06,2.7914488917459,0.733,0.415,0.227435045671299,1.15470319399262e-63,2.83267028210651,1,0.676,2.72636971133598e-59,2.45298028320306e-62,3.24595126047675,1,0.634,5.79173174667076e-58,9.63258844061238e-06,4.61881277597046e-63,phospholipase C gamma 2 [Source:HGNC Symbol;Acc:HGNC:9066],3.12807740847959
20,AL627171.2,0.741855482707494,0.338692336797215,0.294,0.34,1,3.63638575844934e-05,0.768895866547993,0.933,0.476,0.858587041427473,2.49071827643956e-47,1.97808447311402,0.991,0.78,5.88083492250144e-43,1.4901115337694e-32,1.51399955670545,0.98,0.708,3.51830234238293e-28,0.741855482707494,9.96287310575825e-47,novel transcript,1.14991805829117
20,RMRP,9.20889160547138e-18,0.556075984746663,0.235,0.011,2.17431139696785e-13,0.000804856617989336,0.269128183090645,0.133,0.018,1,1.44202227045493e-41,1.69684513496689,0.609,0.178,3.40475878277115e-37,3.1485935927583e-29,1.64419127477845,0.535,0.164,7.43414433186163e-25,0.000804856617989336,5.76808908181979e-41,RNA component of mitochondrial RNA processing endoribonuclease [Source:HGNC Symbol;Acc:HGNC:10031],1.04156014439566
20,RPL35,3.42388890597882e-06,0.509824686095316,1,1,0.0808414409590658,7.864390262466e-07,0.469787033794381,1,1,0.0185686118487085,1.8800563864042e-30,0.464896604818555,1,1,4.43900113393895e-26,1.76887272742246e-28,0.473087993187078,1,1,4.17648539671716e-24,3.42388890597882e-06,7.52022554561683e-30,ribosomal protein L35 [Source:HGNC Symbol;Acc:HGNC:10344],0.479399079473832
20,RPL28,1.26197757420475e-06,0.442607866309136,1,1,0.0297965525045483,1.06075545748379e-06,0.548487564688855,1,1,0.0250454971066498,1.07334438757898e-29,0.509345180795136,1,1,2.53427343351274e-25,7.51466827794464e-24,0.530129455612288,1,1,1.77428832710551e-19,1.26197757420475e-06,4.29337755031593e-29,ribosomal protein L28 [Source:HGNC Symbol;Acc:HGNC:10330],0.507642516851354
20,RPS19,5.09561991243301e-07,0.423282283772218,1,1,0.0120312681752456,2.83458071861745e-07,0.68079374599807,1,1,0.00669272853472767,1.87982202665381e-27,0.456625817949197,1,1,4.43844778713232e-23,4.57028580587429e-23,0.415313162739681,1,1,1.07909018162498e-18,5.09561991243301e-07,7.51928810661522e-27,ribosomal protein S19 [Source:HGNC Symbol;Acc:HGNC:10402],0.494003752614791
20,MTRNR2L8,0.335648096230356,0.475290602950321,0.294,0.259,1,0.0879093691018356,0.957018604318008,0.4,0.308,1,9.1275257281678e-17,0.936077073273368,0.682,0.444,2.1551000996777e-12,1.98318335393454e-15,0.853791302937448,0.606,0.371,4.68249421697484e-11,0.335648096230356,3.65101029126711e-16,MT-RNR2 like 8 [Source:HGNC Symbol;Acc:HGNC:37165],0.805544395869786
20,ZNRD2,0.0174446947837694,0.462585493350603,1,0.989,1,0.194140917955659,0.27011032915858,1,0.987,1,3.41677437328756e-14,0.581000682691439,1,0.885,8.06734597276926e-10,1.03903288964053e-12,0.584433163480598,1,0.84,2.45326055573026e-08,0.194140917955659,1.36670974931496e-13,zinc ribbon domain containing 2 [Source:HGNC Symbol;Acc:HGNC:11328],0.474532417170305
20,MUC16,0.0428767007626772,0.666108515103392,1,0.913,1,0.313246954733263,0.701927867281551,1,0.944,1,1.58952404733347e-12,0.875946208499703,0.691,0.48,3.75302522815907e-08,6.77546994902921e-08,0.712287232108781,0.616,0.462,0.00159975620966529,0.313246954733263,6.35809618931873e-12,mucin 16, cell surface associated [Source:HGNC Symbol;Acc:HGNC:15582],0.739067455748357
20,SNHG25,0.0708398157706885,0.302093958453914,0.941,0.945,1,0.137983977668207,0.333945655675408,1,0.964,1,8.38363844657697e-10,0.639856966437621,1,0.851,1.97946087362129e-05,1.0258318638047e-07,0.527064680131019,0.99,0.826,0.00242209161362927,0.137983977668207,3.35345537441367e-09,small nucleolar RNA host gene 25 [Source:HGNC Symbol;Acc:HGNC:51534],0.450740315174491
